0000000010000100000000000000100000000010000000001000100000000000000010000000001000000100000000000010
0000000010000000001000000000100001000000001000000000010000000000000010000000001000000000100000000010
0000000010000000001000000000100000000010000000001000000000100000000010000000001000100000000000100000
0000000010000000001000000000100000000010000000001000000000100001000000000000001000000000100000000010
0000000010000000001000000000100000000010000000001000000000100000000010000000001000001000000000000010
0000000010000000001000000000100000000010000000001000000000100010000000000000001000000001000000000100
0000000010000000001000000000100000000010000000001000000000100000000010000000001000000000100000000010
0000000010000000001000000000101000000000000000001000010000000000001000000000001000000000100001000000
0000000010000000001000010000000000000010000000001000100000000000000010010000000000000000100100000000
0000000010000000001000000000100000000010000000001000000000100000000010000100000000000000100100000000
0000000010000100000000000000100000100000000100000000010000000001000000000000001000000000100000000010
0000000010000100000000000000100001000000000000001000000000100000000010000000001000000001000000000010
0000000010000000001000000000100000000010000000001000000000100000000010000100000000010000000000000010
0000000010000100000000000000100000000010000000001000010000000000000010000000001000000000100000000010
0000000010000000001010000000000001000000000000001000010000000000000010000000001000000000100001000000
0000000100000000001000100000000000000010000000001000000000100001000000001000000000100000000001000000
0000000100000100000010000000000010000000000000001000000000100000100000000000001000000000100000000010
0000000010000100000000000000100000000010000000001000000000100000000010000000010000000000100000000010
0000000010000100000000000000100000000010000000001000010000000000000010000100000000100000000000000010
0000000010000100000000000000100000001000000000001000000000100000000010000000001000000000100000000010
0000000010000000001000000000100010000000000100000000000000100000000010000000001000100000000000000010
0001000000000000001000000000100100000000100000000000000001000010000000000000001000000000100000000010
0001000000000000001000000000100000000010000000001000000000100000000010000100000000000000100010000000
0001000000000000001000000000100100000000000000010000000000100000000100000000001000000000100000000010
0001000000000000001000000000100000000010000000001001000000000000000010000000001001000000000000000010
0010000000000000001000000000100000000100000000001000000000100000000010000000001000000000100001000000
0010000000000000001000100000000000000010001000000000010000000000000010000000001000010000000001000000
0000000010000000010000000000100000001000000100000000000000100000000010000000001000000000100000000010
0000010000000000010000000000100000000010000000001000100000000001000000000000001000000000100000000010
1000000000000000001001000000000000000010000000001000010000000001000000000000001000000000100001000000
