0000000100010000000010000000000000000100000000010000000001000000000100000000010000001000000000000100
0000000100000000010000000001000000000100000000100000010000000000000100100000000000000001000000000100
0000000100100000000000000001000000010000100000000000000001000000000100000000100010000000000000000100
1000000000000000100000000001000000000100000000010000000001000000000100000000010010000000000000100000
0100000000000000100000010000000000000010000000010000100000001000000000000000010000000001001000000000
0000000100000000010000000001000000000100000000010000000001000000000100000000010000000100000000000001
0000000100000000010000000001000000000100100000000000000001000000000100000010000010000000000000000100
0000000100100000000000000001000000000100000000010000000001000000000100000000010010000000000000000100
0000010000000000010000010000000000000100000000010000000001000000000100000000010000000001000000010000
0000000100000000010000000100001000000000100000000000000100000000000100100000000000000001000000000100
0000000100000000010000000001001000000000000000010000000001001000000000100000000000000001000000000100
0000000100000000010000000001000001000000000000010001000000000000000100000000010000000001000000000100
0000000100000000010000000001000000000100000000010000000001000000000100000001000000000001000000010000
0000000100000000010000000001001000000000000000010000000010000000000100000000010010000000000000000100
1000000000100000000000000010000000000100000000010000000010000000000100000000010000100000000000000100
0000000100000000010000000001000000000100000000010000000001000000000100000000010000000001001000000000
0000000100000000010000000001000000000010000000010000000001001000000000100000000000000100000000000100
1000000000100000000000100000000000000100000000010010000000001000000000000001000000000001000000000100
0000000100000000010001000000000000000100000000010000000001000000000100000000010000000001000000000100
1000000000000000010000000001000000000100000000010000000100000000000100000000010000000001000000000100
1000000000100000000000000001000000010000000000100000000001000000000100000000010000000001000000000100
1000000000000000100000000001000000000100000000010010000000001000000000000000010000001000000000000001
1000000000010000000000000001000000000100100000000000010000000000000100100000000000000001000000000100
0100000000000000010010000000000000000100000000100000000001000000001000000000010010000000000000000100
0000000100000000010000000001000000000100010000000000000001000000000100000000010000001000000000000100
0000000100100000000000000001000000000100000000010000000001000000000100000001000000000001001000000000
1000000000000000010000000001000100000000000000010000000001000000000100000000010000000010000000000100
0000000100000000010010000000000000000100000000100001000000000000000100000010000000000001000000000100
0000000100000000000100000000100000000100001000000000000001000000000100000000010000000001000000000100
0000000100000000010000000001000000000100000000010000000001000000000100000010000000000001000000000100
