1000000000000000001000000000100000000010000000001000000000100000000010000000001000000000100000000010
0000000010000000001000000000100000000010000000001000000010000000000010000000000100000000100000000001
0000000010000000001000000000010000000010000000001000000000100000000001000000001000000000100000000010
0000000010000000001000000000010000000010000100000000000000010000000010000000001000000000100000000001
0000000010001000000000000000100000001000000000000100000000100000000001000000001000000010000000000001
0000000001000000000100000000100000001000000000001000000000100000000010000000001000000000100000000010
0000000010000000010000000000010001000000000000000100000001000000000010000000001000010000000000000001
0000000010100000000000010000000000000010000000001000000000010000000010000000100000000000100000000010
0000000010000000100000000000100000000010001000000001000000000000000010000000001000000000100000000010
1000000000000000001000000000100000000010000000001000000000100000000010000000001000000000100000000010
0000000001000000001000000010000000000010000000001000000000100000000001000000001000000000100000000010
0000000010000000000100000000010000000010000000000100000000100000000010000000001000000000010000000010
0000000100000001000000000000100000000010000000100000000000100000000010000000001000000000100000000010
0000000010000000010000000000010000000010000000001000000010000000001000000000001000000000100000000010
0000000010000000000100000010000000000001000000001000000000010000000001000000001000000000100000000010
0000001000000000000100000000100010000000000000001000000000100000000010000000001000100000000000000010
0000000001000000001000000000100001000000000000001000000000010000000010000000001000000010000000000010
0000000010000000001000010000000000000010000000001000000000010000000010000000001000000000100001000000
0000000010000000010000000000010000001000000000001000000000100000000010000000001000000000100000000010
0000000010000000001000000010000000001000000000100000000000100000000010000000001000000010000000000010
0000000001100000000000000000100000000010000000001000000000010000000010000000000100000000100000001000
0000000010000000001000000000010000000001000000100000000000100000000010000000001000000000100000000010
0000000010000000001000000001000000000010000000000100000000100000001000000000001000000000100000000010
0000000010000000001000000000100000000010000000001000000000010000000010000000001000000000100000000010
0000000010000000100000000000010000000010000000100000001000000000000010000000001000000000100000000010
0000000010000000001000010000000000000010000000000100000001000000000010000100000000000000100000000010
0000000010000000001000000001000000000010000000001000000000010000000010000000000110000000000000000001
0000000010000000000100000010000000000010000000001000000000100000001000000000001000000010000000000001
0000000010000000001000000000100000000010000000001000000000100000000010000000100000000000100000000010
0100000000000000000100000001000000000010000000001010000000000000000001000000001000000000100000000001
